
    You used Euler algorithm.

    You used a time step of 1.0 seconds.

    The results after 1.0 months is:

    Intermediate interval is 1.0 days.

    Initial energy(joules) is: 
-1.981116627447622E35

    Initial momentum(newtons*seconds) is: 
-1.4665279211816737E27  -1.2883428739575935E27  4.844391786132131E25  

    Initial angular momentum(joules*seconds) is:
8.227043181298744E41  2.606982958304181E41  3.1313724041230974E43  

    Initial position(metres) of the centre of mass is:
-67505.67043889519  72522.96572152714  842.4564654413235  
-67632.93766366332  72411.16167237323  846.6604922045761  
-67760.20489205368  72299.35759094947  850.8645175200828  
-67887.47209128519  72187.55348599737  855.0685439595931  
-68014.7393025769  72075.74941085644  859.2725705837479  
-68142.00652501633  71963.94535448286  863.4765979816826  
-68269.27372406854  71852.14126024809  867.6806249749717  
-68396.54091488372  71740.33718683763  871.8846517872267  
-68523.80811756053  71628.53310431047  876.0886782642438  
-68651.07529143682  71516.72899247996  880.2927042313786  
-68778.34251523862  71404.92495544838  884.496728523925  
-68905.60978858022  71293.12089398871  888.7007554408652  
-69032.87701351552  71181.31679572709  892.9047825252838  
-69160.14421261316  71069.51259689899  897.108809740224  
-69287.41140334599  70957.70849455614  901.3128363745208  
-69414.67862936891  70845.90439663833  905.516863443451  
-69541.94582995099  70734.100303435  909.7208902429309  
-69669.21306193351  70622.29624781906  913.9249165794349  
-69796.48028071705  70510.4921548116  918.1289398011129  
-69923.74749427738  70398.68808532758  922.3329670445864  
-70051.01472197412  70286.88403210464  926.5369943120146  
-70178.28196245087  70175.07996971816  930.7410220352585  
-70305.54919524452  70063.27590142192  934.9450490361036  
-70432.81643993898  69951.47185545707  939.1490765416776  
-70560.08362954334  69839.66776808305  943.353103614273  
-70687.35080684954  69727.86371493059  947.5571299751474  
-70814.6180088337  69616.05952686937  951.7611568184127  
-70941.88523525115  69504.25545358527  955.9651835599748  
-71069.15244333354  69392.45137548425  960.1692114727838  
-71196.41964885447  69280.6473317934  964.3732386871379  
-71323.6868722758  69168.84322901935  968.5772655031126  
