
    You used Euler-Richardson algorithm.

    You used a time step of 1.0 seconds.

    The results after 1.0 months is:

    Intermediate interval is 1.0 days.

    Initial energy(joules) is: 
-1.981116627447622E35

    Initial momentum(newtons*seconds) is: 
-1.4665279211816737E27  -1.2883428739575935E27  4.844391786132131E25  

    Initial angular momentum(joules*seconds) is:
8.227043181298744E41  2.606982958304181E41  3.1313724041230974E43  

    Initial position(metres) of the centre of mass is:
-67505.67043889519  72522.96572152714  842.4564654413235  
-67569.30605362004  72467.06394783984  844.5584682642739  
-67632.94125479907  72411.16081445204  846.6604548431999  
-67696.57767658182  72355.25755317604  848.7624502955839  
-67760.21201010393  72299.35439757489  850.8644840967756  
-67823.84762836175  72243.45094972977  852.966469169893  
-67887.48226294207  72187.54850285502  855.0684827580677  
-67951.11713430929  72131.64480220519  857.170439737847  
-68014.75233787601  72075.74313547206  859.2724673136838  
-68078.38750425822  72019.84006133364  861.3744483934787  
-68142.02381562469  71963.93730395923  863.4764186756955  
-68205.65815654914  71908.03413932411  865.5783766385938  
-68269.29396836349  71852.13113299236  867.6802948504097  
-68332.92870459409  71796.22881476398  869.7822536941366  
-68396.56412724228  71740.32536668483  871.8841880047787  
-68460.19939472186  71684.42385308456  873.9862204897789  
-68523.83509448126  71628.5207750823  876.0882026181238  
-68587.47169171227  71572.61820107556  878.190189911734  
-68651.10650898915  71516.71454380121  880.2921604065048  
-68714.74264420955  71460.81137485366  882.3941348282139  
-68778.37740279642  71404.9084974673  884.4961518087214  
-68842.01302956817  71349.00472556161  886.5981380757582  
-68905.64781982862  71293.10277168373  888.7001853115386  
-68969.28336685544  71237.19941399884  890.8021369261337  
-69032.919455713  71181.296857621  892.9040821685683  
-69096.5540647074  71125.39293990201  895.0059885842162  
-69160.189786383  71069.49010461153  897.107915940519  
-69223.82412080509  71013.5872309592  899.2098604132245  
-69287.45961148094  70957.68396328513  901.3117621531163  
-69351.09396842009  70901.78219935375  903.4137158077274  
-69414.7296438035  70845.87931367714  905.5156010902975  
