
    You used Euler-Cramer algorithm.

    You used a time step of 1.0 seconds.

    The results after 1.0 months is:

    Intermediate interval is 1.0 days.

    Initial energy(joules) is: 
-1.981116627447622E35

    Initial momentum(newtons*seconds) is: 
-1.4665279211816737E27  -1.2883428739575935E27  4.844391786132131E25  

    Initial angular momentum(joules*seconds) is:
8.227043181298744E41  2.606982958304181E41  3.1313724041230974E43  

    Initial position(metres) of the centre of mass is:
-67505.67043889519  72522.96572152714  842.4564654413235  
-67569.30404691187  72467.0636811553  844.5584787993103  
-67632.93764473738  72411.16163008535  846.6604920744784  
-67696.57126044658  72355.25957630537  848.7625044567504  
-67760.20487606611  72299.3575571898  850.8645187753538  
-67823.83848358087  72243.45553149722  852.9665323172001  
-67887.47207352502  72187.5534885754  855.0685456502445  
-67951.1056821617  72131.65144601703  857.1705590320943  
-68014.73928554349  72075.74941102113  859.2725722345104  
-68078.37289755743  72019.84737083186  861.3745855593515  
-68142.00647496716  71963.9453242885  863.4765988219762  
-68205.64008476604  71908.04329451184  865.5786121378693  
-68269.27368879269  71852.1412566863  867.6806256232729  
-68332.9072955354  71796.23922097545  869.782638982449  
-68396.54090018016  71740.33718731799  871.884652366975  
-68460.17451021825  71684.43515381296  873.9866655763474  
-68523.80812015386  71628.5331059129  876.0886788398961  
-68587.44172326248  71572.63109516764  878.1906925866233  
-68651.0753282167  71516.72904912436  880.2927058824712  
-68714.7089441142  71460.82710059645  882.3947192403272  
-68778.34253823641  71404.9250610214  884.4967331397494  
-68841.97615005387  71349.02300280116  886.5987465126003  
-68905.60975774164  71293.12095596864  888.7007602804507  
-68969.24336578674  71237.21892222343  890.8027735282783  
-69032.87697449749  71181.31689638912  892.9047867700426  
-69096.51059722225  71125.41483531418  895.006800294257  
-69160.14421059609  71069.51284645095  897.108813514385  
-69223.77781616832  71013.61080629117  899.2108268131847  
-69287.4114252673  70957.70875688686  901.3128400430227  
-69351.0450265148  70901.80670400315  903.4148535907365  
-69414.67862994774  70845.90467278927  905.5168669831115  
