
    You used Verlat algorithm.

    You used a time step of 1.0 seconds.

    The results after 1.0 months is:

    Intermediate interval is 1.0 days.

    Initial energy(joules) is: 
-1.981116627447622E35

    Initial momentum(newtons*seconds) is: 
-1.4665279211816737E27  -1.2883428739575935E27  4.844391786132131E25  

    Initial angular momentum(joules*seconds) is:
8.227043181298744E41  2.606982958304181E41  3.1313724041230974E43  

    Initial position(metres) of the centre of mass is:
-67505.67043889519  72522.96572152714  842.4564654413235  
-67569.31015417978  72467.06739842794  844.5588638776269  
-67632.94636848615  72411.16660658235  846.6618352095384  
-67696.57883036409  72355.26747553376  848.7654024447311  
-67760.20294444676  72299.37151776807  850.8695389638698  
-67823.82761141157  72243.47757834064  852.9741419998951  
-67887.44547771291  72187.58769906804  855.0792349772129  
-67951.05929542256  72131.69671282527  857.1847488728527  
-68014.67012612366  72075.81437141393  859.2910510517669  
-68078.27760088177  72019.92984244961  861.3977880642409  
-68141.88220982072  71964.04779486782  863.505068315286  
-68205.47769659107  71908.16778651706  865.6129581056565  
-68269.0739225052  71852.29124567827  867.7212485442244  
-68332.66358282791  71796.41824382996  869.830067263704  
-68396.25045571945  71740.54445988756  871.9393988121205  
-68459.83329078  71684.67917892005  874.0494585775168  
-68523.41429503773  71628.81146041646  876.1600036221397  
-68586.99189556779  71572.94613360759  878.2712139973338  
-68650.560870397  71517.0808163457  880.3830062005228  
-68714.12989948809  71461.21952112917  882.4953817274406  
-68777.69156222651  71405.36105913357  884.6083838969108  
-68841.25019821622  71349.50204353638  886.7217633026788  
-68904.80302113204  71293.65161067071  888.8358195450804  
-68968.35431142636  71237.799859787  890.9502534039267  
-69031.90355294147  71181.95131227137  893.0651655737825  
-69095.44330879812  71126.10227853047  895.1806585538492  
-69158.98275930909  71070.25864624753  897.2968148312524  
-69222.51510380868  71014.41766298034  899.4135009554047  
-69286.04523445934  70958.57650546332  901.5306494332598  
-69349.56874044755  70902.74374536666  903.6484576667527  
-69413.09164120068  70846.91031023703  905.7666260223189  
