Sun
  -8.986593509061321E+05  9.297109552827899E+05  2.066276397421618E+04
  -1.102924048823929E-02 -8.949713709963905E-03  3.147614558559023E-04
   1.988544e+30       


Jupiter
   3.328208269836321E+08 -6.929702703132236E+08 -4.580992764392853E+06
   1.159995400074590E+01  6.270838315703610E+00 -2.857166114865519E-01
   1898.13e+24        


Saturn
   1.407197196136305E+09  1.576193407736902E+08 -5.869443628321148E+07
  -1.590422684561632E+00  9.579049662754747E+00 -1.031221474314625E-01
   568.319e+24 


Neptune
   2.063803872502058E+09 -4.010102686149088E+09  3.501753861752629E+07
   4.796950306658808E+00  2.517372561776142E+00 -1.626190144784202E-01
   102.41e+24


Uranus
   1.659805525991048E+09 -2.450441625404175E+09 -3.060950863622487E+07
   5.588097475482826E+00  3.502699025098194E+00 -5.943300489859960E-02
   86.8103e+24


Earth
   4.176712356234490E+07  1.420356425152276E+08  2.187482379662991E+04
  -2.901243196039953E+01  8.512306775898297E+00 -7.375164411640434E-04
   5.97219e+24

Venus
  -1.081899738320714E+08 -7.013035295546203E+06  6.105650535053756E+06
   2.361474482363381E+00 -3.509056628392929E+01 -6.157354238330903E-01
   48.685e+23 


Mars
  -1.657362165235232E+08  1.846931882855510E+08  7.922274412235156E+06
  -1.713175503290379E+01 -1.412668568147996E+01  1.255086670478507E-01
   6.4185e+23


Mercury
   4.388619080008014E+07 -4.122833328974789E+07 -7.533926594357299E+06
   2.373341331019499E+01  3.776517835528135E+01  9.062677231482361E-01
   3.302e+23


Ganymede
   3.326083635295844E+08 -6.940174291728857E+08 -4.621577337635458E+06
   2.227422034629594E+01  4.100519643153382E+00 -2.493528399913032E-01
   1.482e+23

 
Titan
   1.408380541373609E+09  1.575157028830211E+08 -5.875697830118857E+07
  -1.222790445680923E+00  1.463753780602021E+01 -2.752446792580457E+00
   1.34553e+23


Callisto
   3.346312066335150E+08 -6.934339583039631E+08 -4.572173578231752E+06
   1.364468115595823E+01  1.427249594533316E+01  4.555847997666618E-03
   1.076e+23


Io
   3.324314429005401E+08 -6.931286781431199E+08 -4.592220138845474E+06
   1.811507320061551E+01 -9.843166853176797E+00 -7.749682258412367E-01
   8.933e+22


Moon
   4.137097039995857E+07  1.420156353951257E+08  2.019784366664290E+04
  -2.891354048143668E+01  7.534187614753529E+00  8.664730138137511E-02
   7.349e+22


Europa
   3.321440881647825E+08 -6.929614983444659E+08 -4.593718872324377E+06
   1.147945205075504E+01 -7.345853155739809E+00 -6.899398867896278E-01
   4.797e+22


Triton
   2.063591358168258E+09 -4.009983402125088E+09  3.527533967412090E+07
   7.742131596494261E+00  5.617464797325850E+00  8.307774025521792E-01
   2.147e+22


Pluto
  -1.976652316728825E+09 -3.895581531745492E+09  9.886115156607559E+08
   4.999286591382202E+00 -3.265799185542837E+00 -1.114306785717032E+00
   1.307e+22