
    You used Euler-Richardson algorithm.

    You used a time step of 0.001 seconds.

    The results after 6.28318531 seconds is:

    Intermediate interval is 0.05 seconds.

    Initial energy(joules) is: 
-5.000000000000001E-10

    Initial momentum(newtons*seconds) is: 
9.999999999999999E-11  0.0  0.0  

    Initial angular momentum(joules*seconds) is:
0.0  0.0  -9.999999999999999E-10  

    Initial position(metres) of the centre of mass is:
0.0  9.999999999999899E-14  0.0  
2.0210026126018716E-21  1.2497498139226E-19  0.0  
1.640937686681038E-20  4.995917180779364E-19  0.0  
5.56265562843348E-20  1.1229201110118456E-18  0.0  
1.3207191509973883E-19  1.9934084108838297E-18  0.0  
2.580517761824856E-19  3.1088870967139143E-18  0.0  
4.457486515427902E-19  4.466574298566509E-18  0.0  
7.071907923052245E-19  6.0630827508292385E-18  0.0  
1.0542221242604565E-18  7.894428258676226E-18  0.0  
1.4984726441416953E-18  9.956039656553396E-18  0.0  
2.051329350620764E-18  1.2242770233793924E-17  0.0  
2.7239077826821162E-18  1.4748910598804824E-17  0.0  
3.527024236514879E-18  1.746820294966994E-17  0.0  
4.4711687303669615E-18  2.0393856715499106E-17  0.0  
5.566478784935635E-18  2.3518565529427105E-17  0.0  
6.822714084830449E-18  2.683452549083757E-17  0.0  
8.249232084442009E-18  3.033345467116445E-17  0.0  
9.854964619189429E-18  3.40066138145154E-17  0.0  
1.1648395580606376E-17  3.7844828181375003E-17  0.0  
1.3637539711066214E-17  4.183851048078856E-17  0.0  
1.5829922571148242E-17  4.597768483370676E-17  0.0  
1.823256172971592E-17  5.02520117075937E-17  0.0  
2.0851949223721657E-17  5.465081375997389E-17  0.0  
2.3694035331578866E-17  5.916310252632116E-17  0.0  
2.676421370065876E-17  6.377760588558293E-17  0.0  
3.006730786608466E-17  6.848279623468869E-17  0.0  
3.360755919451869E-17  7.326691930162072E-17  0.0  
3.738861628307443E-17  7.811802352502807E-17  0.0  
4.141352583985118E-17  8.302398992694898E-17  0.0  
4.568472506888302E-17  8.797256240397563E-17  0.0  
5.020403557853467E-17  9.29513783611477E-17  0.0  
5.497265882856893E-17  9.794799961200614E-17  0.0  
5.999117312726427E-17  1.0294994346757199E-16  0.0  
6.525953218608667E-17  1.0794471393654474E-16  0.0  
7.077706523552702E-17  1.129198329587355E-16  0.0  
7.654247870181321E-17  1.1786287159366748E-16  0.0  
8.255385944030443E-17  1.2276148108638926E-16  0.0  
8.880867951748459E-17  1.2760342373285255E-16  0.0  
9.530380252960105E-17  1.32376603467708E-16  0.0  
1.0203549144215428E-16  1.370690960980659E-16  0.0  
1.0899941793064233E-16  1.4166917910765286E-16  0.0  
1.1619067319921157E-16  1.4616536095687279E-16  0.0  
1.236037802501732E-16  1.5054640980553613E-16  0.0  
1.3123270757371537E-16  1.5480138158646763E-16  0.0  
1.3907088422359385E-16  1.5891964735982426E-16  0.0  
1.471112162411192E-16  1.6289091987975268E-16  0.0  
1.5534610438638877E-16  1.6670527930698573E-16  0.0  
1.6376746313244272E-16  1.703531980031093E-16  0.0  
1.7236674087487016E-16  1.7382556434453076E-16  0.0  
1.811349413063505E-16  1.7711370549662606E-16  0.0  
1.900626459027054E-16  1.802094090911439E-16  0.0  
1.9914003746425764E-16  1.8310494375268615E-16  0.0  
2.0835692465365593E-16  1.8579307842296156E-16  0.0  
2.1770276746883513E-16  1.882671004345117E-16  0.0  
2.27166703587442E-16  1.9052083228873668E-16  0.0  
2.3673757551688096E-16  1.9254864709628637E-16  0.0  
2.464039584821188E-16  1.943454826412235E-16  0.0  
2.561541889815448E-16  1.9590685403380877E-16  0.0  
2.6597639393951244E-16  1.9722886492028211E-16  0.0  
2.758585203826976E-16  1.9830821722162335E-16  0.0  
2.8578836556609946E-16  1.9914221937695116E-16  0.0  
2.9575360747338355E-16  1.9972879307095639E-16  0.0  
3.057418356153383E-16  2.0006647842855575E-16  0.0  
3.15740582049462E-16  2.001544376637824E-16  0.0  
3.2573735254314973E-16  1.9999245717379352E-16  0.0  
3.3571965780259213E-16  1.9958094807275976E-16  0.0  
3.456750446893288E-16  1.9892094516430556E-16  0.0  
3.555911273464338E-16  1.9801410435506382E-16  0.0  
3.6545561815653726E-16  1.968626985158142E-16  0.0  
3.752563584543008E-16  1.9546961180054592E-16  0.0  
3.849813489165899E-16  1.9383833243764667E-16  0.0  
3.9461877955437776E-16  1.9197294401123331E-16  0.0  
4.041570592314223E-16  1.8987811525441675E-16  0.0  
4.1358484463593657E-16  1.8755908838001157E-16  0.0  
4.2289106863283513E-16  1.8502166597785607E-16  0.0  
4.3206496792569706E-16  1.822721965114918E-16  0.0  
4.410961099593015E-16  1.7931755845045213E-16  0.0  
4.499744189954971E-16  1.7616514307782008E-16  0.0  
4.586902012972283E-16  1.7282283601602457E-16  0.0  
4.672341693577728E-16  1.6929899751705208E-16  0.0  
4.755974651146291E-16  1.6560244156633399E-16  0.0  
4.837716820900337E-16  1.617424138525397E-16  0.0  
4.917488864027654E-16  1.5772856865833637E-16  0.0  
4.995216365987209E-16  1.5357094472987596E-16  0.0  
5.070830022506931E-16  1.4927994018532176E-16  0.0  
5.14426581280865E-16  1.4486628652512777E-16  0.0  
5.215465159627153E-16  1.4034102180903106E-16  0.0  
5.284375075623479E-16  1.357154630667998E-16  0.0  
5.350948295826398E-16  1.3100117801169334E-16  0.0  
5.415143395771105E-16  1.262099561273354E-16  0.0  
5.476924895039766E-16  1.21353779200267E-16  0.0  
5.536263345945158E-16  1.1644479137183165E-16  0.0  
5.593135407135722E-16  1.114952687842464E-16  0.0  
5.647523901938005E-16  1.0651758889672677E-16  0.0  
5.699417861290726E-16  1.0152419954835925E-16  0.0  
5.748812551163028E-16  9.652758784504726E-17  0.0  
5.795709484388513E-16  9.154024894829679E-17  0.0  
5.840116416885318E-16  8.657465484385288E-17  0.0  
5.8820473282718E-16  8.164322316825003E-17  0.0  
5.9215223869261595E-16  7.675828617119264E-17  0.0  
5.958567899577407E-16  7.193205989134478E-17  0.0  
5.993216245553581E-16  6.717661362257359E-17  0.0  
6.0255057958516E-16  6.250383974696513E-17  0.0  
6.055480817231017E-16  5.79254240100155E-17  0.0  
6.083191361571337E-16  5.345281631229403E-17  0.0  
6.108693140769494E-16  4.909720209058544E-17  0.0  
6.132047387490137E-16  4.48694743600439E-17  0.0  
6.153320702116757E-16  4.078020648724001E-17  0.0  
6.172584886286212E-16  3.683962576215545E-17  0.0  
6.189916763422726E-16  3.3057587835182134E-17  0.0  
6.205397986719884E-16  2.944355208302162E-17  0.0  
6.219114835050649E-16  2.6006557965058695E-17  0.0  
6.231157997315396E-16  2.275520242930684E-17  0.0  
6.241622345767103E-16  1.9697618424400397E-17  0.0  
6.250606698880184E-16  1.684145457134363E-17  0.0  
6.2582135743557E-16  1.4193856045828122E-17  0.0  
6.264548932880317E-16  1.1761446718903868E-17  0.0  
6.269721913279467E-16  9.550312600644566E-18  0.0  
6.273844559726701E-16  7.565986628190325E-18  0.0  
6.277031541691084E-16  5.813434836191089E-18  0.0  
6.279399867322625E-16  4.297043944218426E-18  0.0  
6.281068590992094E-16  3.0206103921717093E-18  0.0  
6.28215851571634E-16  1.9873308510853696E-18  0.0  
6.282791891212772E-16  1.1997942330560074E-18  0.0  
6.283092108337808E-16  6.599752202610924E-19  0.0  
6.283183390673032E-16  3.6922932924386566E-19  0.0  
6.283190484029921E-16  3.282895228015866E-19  0.0  
