
    You used Euler-Richardson algorithm.

    You used a time step of 0.001 seconds.

    The results after 6.28318531 seconds is:

    Intermediate interval is 0.05 seconds.

    Initial energy(joules) is: 
-5.000000000000001E-10

    Initial momentum(newtons*seconds) is: 
9.999999999999999E-11  0.0  0.0  

    Initial angular momentum(joules*seconds) is:
0.0  0.0  -9.999999999999999E-10  

    Initial position(metres) of the centre of mass is:
0.0  9.999999999999899E-14  0.0  
4.997917760149354E-4  0.00998750260444191  0.0  
9.983343329325774E-4  0.009950041654844045  0.0  
0.0014943815740615781  0.009887710784171415  0.0  
0.0019866936397211115  0.00980066578730481  0.0  
0.0024740400062543445  0.009689124231631666  0.0  
0.0029552025617063378  0.009553364913236743  0.0  
0.0034289786504786294  0.009393727160051865  0.0  
0.0038941840793503576  0.009210609983706396  0.0  
0.004349656077352322  0.009004471082198682  0.0  
0.004794256202095718  0.008775825695881211  0.0  
0.005226873185291169  0.008525245319618999  0.0  
0.00564642571034564  0.008253356274340288  0.0  
0.006051865115094608  0.00796083814155013  0.0  
0.006442178012914022  0.007648422064719664  0.0  
0.006816388825660577  0.0073168889217970524  0.0  
0.007173562222109228  0.006967067373407859  0.0  
0.007512805455793114  0.006599831791623534  0.0  
0.007833270596402476  0.006216100074475123  0.0  
0.008134156649165279  0.0058168313516749025  0.0  
0.00841471155691214  0.005403023587280597  0.0  
0.008674234079821534  0.004975711085294392  0.0  
0.008912075548146945  0.004535961904431541  0.0  
0.009127641483544988  0.00408487518852049  0.0  
0.009320393084952335  0.003623578419207178  0.0  
0.009489848575297333  0.003153224597830474  0.0  
0.009635584405680542  0.002674989363512675  0.0  
0.009757236314014353  0.0021900680546684376  0.0  
0.009854500235475811  0.001699672721276906  0.0  
0.009927133062497038  0.00120502909538491  0.0  
0.009974953252393896  7.073735274133957E-4  0.0  
0.009997841281114146  2.0794989592482296E-4  0.0  
0.00999573994197125  -2.919935014244894E-4  0.0  
0.009968654488617126  -7.912070679760571E-4  0.0  
0.00991665262189673  -0.0012884430314063404  0.0  
0.009839864320617472  -0.001782458562502576  0.0  
0.00973848151665652  -0.002272018881582037  0.0  
0.009612757615218261  -0.002755900344790317  0.0  
0.009463006861441109  -0.003232893502564577  0.0  
0.009289603554936956  -0.003701806122617222  0.0  
0.00909298111422669  -0.004161466169884239  0.0  
0.008873630993410158  -0.00461072473598991  0.0  
0.008632101453778638  -0.005048458910905938  0.0  
0.008368996193440092  -0.005473574589627365  0.0  
0.00808497283838255  -0.005885009206850229  0.0  
0.007780741298747302  -0.006281734392815802  0.0  
0.007457061994420325  -0.006662758543683301  0.0  
0.007114743954377169  -0.007027129300006625  0.0  
0.006754642794531935  -0.0073739359271203665  0.0  
0.006377658579144694  -0.007702311591485523  0.0  
0.005984733571132729  -0.008011435527305334  0.0  
0.005576849876908616  -0.008300535087996047  0.0  
0.005155026991631844  -0.008568887677385088  0.0  
0.004720319251009454  -0.008815822555809838  0.0  
0.004273813196014881  -0.009040722516602755  0.0  
0.003816624857111722  -0.009243025428772825  0.0  
0.003349896964770408  -0.00942222564202729  0.0  
0.002874796093249899  -0.009577875250622231  0.0  
0.00239250974478341  -0.009709585212882932  0.0  
0.0019042433814560336  -0.009817026323596  0.0  
0.0014112174121929165  -0.009899930036842898  0.0  
9.146641423888157E-4  -0.00995808913721815  0.0  
4.1582469380323564E-4  -0.009991358257754763  0.0  
-8.40540975803371E-5  -0.009999654243262263  0.0  
-5.837227979775084E-4  -0.00998295635816924  0.0  
-0.0010819324987190765  -0.009941306338350948  0.0  
-0.0015774379378546417  -0.009874808286812399  0.0  
-0.0020690006126414928  -0.009783628413487672  0.0  
-0.002555391875139312  -0.009667994619805852  0.0  
-0.0030353960031734724  -0.009528195929061779  0.0  
-0.0035078132389912567  -0.009364581764015542  0.0  
-0.003971462788016078  -0.009177561073526056  0.0  
-0.004425185770204495  -0.008967601310401741  0.0  
-0.004867848116629297  -0.00873522726302309  0.0  
-0.00529834340404881  -0.008481019743657208  0.0  
-0.005715595620377583  -0.008205614136742853  0.0  
-0.006118561854146308  -0.007909698810774394  0.0  
-0.006506234901228785  -0.007594013397753973  0.0  
-0.00687764578232053  -0.0072593469445122235  0.0  
-0.007231866164876747  -0.0069065359405181565  0.0  
-0.007568010683456037  -0.006536462227107545  0.0  
-0.007885239152670266  -0.00615005079335541  0.0  
-0.008182758667209349  -0.005748267464101734  0.0  
-0.008459825583692007  -0.005332116485908933  0.0  
-0.008715747379388848  -0.004902638016984806  0.0  
-0.0089498843831719  -0.004460905527344699  0.0  
-0.009161651374364128  -0.004008023115710988  0.0  
-0.009350519045492481  -0.003545122749856124  0.0  
-0.009516015325288356  -0.003073361437286787  0.0  
-0.009657726558628602  -0.002593918333340874  0.0  
-0.009775298540467567  -0.002107991793925462  0.0  
-0.009868437401176053  -0.0016167963802622607  0.0  
-0.009936910341073909  -0.0011215598231270546  0.0  
-0.009980546212320397  -6.23519954170884E-4  0.0  
-0.009999235946707642  -1.2392161199298828E-4  0.0  
-0.009992932828287825  3.7598646930130683E-4  0.0  
-0.009961652610152624  8.749547812808245E-4  0.0  
-0.00990547347507271  0.0013717361643055825  0.0  
-0.009824535840095716  0.0018650889247744866  0.0  
-0.009719042005590813  0.0023537799387121743  0.0  
-0.009589255649617026  0.002836587733937629  0.0  
-0.009435501168878977  0.003312305543110714  0.0  
-0.009258162867917117  0.0037797443200255575  0.0  
-0.00905768399855905  0.004237735711611556  0.0  
-0.008834565652032587  0.004685134978213472  0.0  
-0.008589365506509617  0.0051208238548513555  0.0  
-0.008322696433211213  0.005543713346308569  0.0  
-0.008035224964557788  0.0059527464490614634  0.0  
-0.007727669628193189  0.006346900793247322  0.0  
-0.007400799151046643  0.0067251911980667515  0.0  
-0.00705543053792143  0.0070866721342333645  0.0  
-0.006692427029412802  0.007430440087315663  0.0  
-0.006312695944259204  0.007755635816063973  0.0  
-0.005917186411519868  0.008061446500077576  0.0  
-0.005506886998247077  0.008347107771443894  0.0  
-0.005082823238582708  0.008611905625271515  0.0  
-0.004646055070455112  0.008855178204341691  0.0  
-0.00419767418628325  0.009076317453417332  0.0  
-0.0037388013043099765  0.009274770639074602  0.0  
-0.0032705833673848375  0.009450041731258142  0.0  
-0.0027941906761980097  0.009601692643106645  0.0  
-0.0023108139641308907  0.009729344325949796  0.0  
-0.0018216614210347975  0.009832677716739555  0.0  
-0.0013279556733768955  0.009911434535547613  0.0  
-8.30930728301492E-4  0.009965417931135605  0.0  
-3.3182888924511114E-4  0.009994492972984513  0.0  
1.681023491851937E-4  0.009998586988553283  0.0  
